Station - 12031000  CHEHALIS RIVER AT PORTER, WA                                
    Station	12031000                                                                                                                
    StationName	CHEHALIS RIVER AT PORTER, WA                                                                                            
    Analysis	EMA 
    BegYear 	1983
    EndYear 	2013
    SkewOption	Weighted   
    Skew    	   0.133
    Mean    	   4.481
    StandDev	   0.216
    AtSiteSkew	   0.166
    AtSiteMSEG	   0.180
    AtSiteMSEG_GagedOnly	   0.180
    RegSkew	   0.087
    RegMSEG	   0.303
    GagedPeaks	      30
    HisPeaks	       0
    KENTAU  	   0.124
    KENPLV  	   0.344
    KENSLP  	 146.429
    EXC_Prob	  0.9950	  0.9900	  0.9800	  0.9750	  0.9600	  0.9500	  0.9000	  0.8000	  0.7000	  0.6667	  0.6000	  0.5704	  0.5000	  0.4292	  0.4000	  0.3000	  0.2000	  0.1000	  0.0500	  0.0400	  0.0250	  0.0200	  0.0100	  0.0050	  0.0020
    Estimate	    8956. 	   10000. 	   11310. 	   11800. 	   12980. 	   13630. 	   16140. 	   19870. 	   23150. 	   24230. 	   26430. 	   27430. 	   29950. 	   32730. 	   33990. 	   38970. 	   45840. 	   57620. 	   69830. 	   73900. 	   82700. 	   87010. 	  101000. 	  115800. 	  137100. 
    Variance	    0.0111	    0.0083	    0.0061	    0.0055	    0.0043	    0.0038	    0.0027	    0.0020	    0.0018	    0.0017	    0.0017	    0.0017	    0.0017	    0.0017	    0.0018	    0.0019	    0.0023	    0.0032	    0.0047	    0.0053	    0.0067	    0.0075	    0.0103	    0.0138	    0.0193
    Conf_Low	    4348. 	    5404. 	    6790. 	    7328. 	    8654. 	    9391. 	   12260. 	   16270. 	   19470. 	   20470. 	   22460. 	   23350. 	   25550. 	   27940. 	   29000. 	   33160. 	   38750. 	   47940. 	   56820. 	   59630. 	   65450. 	   68170. 	   76480. 	   84590. 	   95040. 
    Conf_Up 	   11850. 	   12790. 	   14030. 	   14510. 	   15700. 	   16380. 	   19090. 	   23320. 	   27130. 	   28390. 	   30990. 	   32200. 	   35260. 	   38730. 	   40330. 	   46970. 	   57000. 	   77530. 	  104100. 	  114100. 	  138000. 	  150800. 	  197400. 	  256400. 	  358600. 
    K-Value 	   -2.451 	   -2.228 	   -1.982 	   -1.896 	   -1.704 	   -1.606 	   -1.267 	   -0.8474	   -0.5400	   -0.4485	   -0.2738	   -0.1986	   -0.0221	    0.1569	    0.2324	    0.5079	    0.8345	    1.295 	    1.682 	    1.796 	    2.022 	    2.124 	    2.423 	    2.700 	    3.040 
